J=1;
J1=1;
J2=1;
J3=1;
B1=1;
B2=1;
B3=1;
b=1;
K=1;
K1=1;
K2=1;
K3=1;
L=1;
R=1;