J=0.01;
J1=1;
J2=1;
J3=1;
B1=1;
B2=1;
B3=1;
b=0.1;
K=0.01;
K1=1;
K2=1;
K3=1;
L=0.5;
St=1;
R=1;